#sample script

A <- 1 + 1
B <- 1: 10
3*A
